ColorCycleSuccessor region $FA4E-$FB45, 248 bytes, 9 non-zero islands

$FA4E (32 bytes):
  bytes: CC DA E8 F6 C4 D4 E4 F4 4E 3C 3A 38 46 36 34 34 CC CA C8 C6 C4 C6 C8 CA 4E 4C 4A 48 46 48 4A 4C
  rgb:   (140,255,179) (135,225,105) (141,180, 60) (138,135, 21) ( 15,132, 54) ( 39,129,  9) ( 75,114,  0) (104,101,  0) (255,206,221) (255,188,161) (255,159,132) (225,129,102) (199, 88,103) (193, 97, 70) (159, 63, 36) (159, 63, 36) (140,255,179) (111,228,150) ( 81,198,120) ( 49,166, 88) ( 15,132, 54) ( 49,166, 88) ( 81,198,120) (111,228,150) (255,206,221) (255,178,193) (255,149,164) (230,119,134) (199, 88,103) (230,119,134) (255,149,164) (255,178,193)

$FA82 (10 bytes):
  bytes: 38 36 3C 39 34 36 35 37 36 39
  rgb:   (225,129,102) (193, 97, 70) (255,188,161) (240,144,117) (159, 63, 36) (193, 97, 70) (176, 80, 53) (209,113, 86) (193, 97, 70) (240,144,117)

$FA94 (10 bytes):
  bytes: 4E 4A 4C 4A 4A 4A 48 4A 46 4A
  rgb:   (255,206,221) (255,149,164) (255,178,193) (255,149,164) (255,149,164) (255,149,164) (230,119,134) (255,149,164) (199, 88,103) (255,149,164)

$FB12 (10 bytes):
  bytes: CC C8 CA C8 C8 C8 C6 C8 C4 C8
  rgb:   (140,255,179) ( 81,198,120) (111,228,150) ( 81,198,120) ( 81,198,120) ( 81,198,120) ( 49,166, 88) ( 81,198,120) ( 15,132, 54) ( 81,198,120)

$FB22 (2 bytes):
  bytes: DA D7
  rgb:   (135,225,105) ( 89,179, 59)

$FB28 (2 bytes):
  bytes: D4 D7
  rgb:   ( 39,129,  9) ( 89,179, 59)

$FB32 (2 bytes):
  bytes: E8 E6
  rgb:   (141,180, 60) (109,148, 28)

$FB36 (2 bytes):
  bytes: E4 E6
  rgb:   ( 75,114,  0) (109,148, 28)

$FB42 (4 bytes):
  bytes: F6 F5 F4 F5
  rgb:   (138,135, 21) (121,118,  4) (104,101,  0) (121,118,  4)

